2465.0419728059924
2192.865402440078
1831.1150257592165
1576.6872631321214
1406.9431180844313
1290.938602112716
1210.2602611806049
1153.2456980420802
1112.4303606281048
1082.8515172450495
1061.2270565977312
1045.3068101870547
1033.5321029347178
1024.7918616063039
1018.2888344394751
1013.4415223219517
1009.8243468548791
1007.1228833802357
1005.1044035843239
1003.5957516616115
1002.4680063465431
1001.6249290784888
1000.994672132242
1000.5235291621706
1000.1713593752087
999.9081433135087
999.7114347230253
999.5644459094026
999.4546235786422
999.3725802471341
999.3112971401247
999.2655267393633
999.2313464734881
999.2058244569148
999.1867696527851
999.172544853792
999.1619268803394
999.1540019976684
999.1480877158459
999.1436743414523
999.1403812699639
999.1379243278485
999.1360913613502
999.1347240087612
999.1337040676095
999.1329433164973
999.1323759314346
999.1319527842711
